0,325
0,321
2,10
0,318
0,317
0,315
2,9
2,8
0,313
0,312
232,6
232,5
232,4
232,2
2,7
254,9
254,8
254,7
254,6
254,5
254,4
254,2
230,6
230,5
230,4
230,2
2,6
246,9
246,8
246,7
246,6
246,5
246,4
246,2
245,1
245,3
245,0
240,1
240,3
240,0
244,1
244,3
244,0
243,1
243,3
243,0
242,1
242,3
242,0
241,1
241,3
241,0
246,1
246,3
246,0
253,8
253,7
253,6
253,5
253,4
253,9
253,2
2,5
2,4
235,12
235,8
235,7
235,6
235,5
235,4
235,2
4,3
4,2
4,1
4,0
3,6
3,5
3,4
3,3
3,2
3,1
3,0
2,2
1,2
0,434
0,433
0,431
0,429
0,421
0,402
0,388
0,387
0,381
0,380
0,379
0,374
0,355
0,351
0,343
0,341
0,340
0,339
0,338
0,330
0,243
253,1
253,10
253,3
235,11
235,10
253,0
235,9
233,1
233,3
233,0
232,1
232,3
232,0
254,1
254,3
0,414
254,0
234,1
234,3
234,0
230,1
230,3
230,0
235,1
235,3
235,0
1,1
1,3
1,0
2,1
2,3
2,0
0,9
0,310
0,305
0,308
0,304
0,303
0,302
0,307
0,12
0,426
0,10
0,8
0,0
0,324
0,300
0,352
0,299
0,346
0,298
0,297
0,442
0,296
0,404
0,295
0,420
0,294
0,349
0,293
0,292
0,391
0,291
0,385
0,290
0,368
0,289
0,441
0,288
0,314
0,287
0,348
0,286
0,323
0,285
0,392
0,284
0,347
232,7
232,8
232,10
232,11
0,408
233,4
233,6
233,7
234,4
237,1
247,0
247,1
237,2
238,3
238,1
239,0
239,1
239,2
240,4
240,5
240,7
241,4
242,4
243,2
243,5
244,5
244,6
245,2
245,5
247,2
248,0
248,3
249,0
249,3
248,2
249,4
250,3
250,2
251,3
251,1
251,4
252,0
252,1
252,4
252,2
252,3
251,2
251,0
250,1
250,0
249,2
249,1
248,1
247,4
245,4
244,7
244,4
244,2
243,4
242,5
242,2
241,2
240,6
240,2
239,3
238,2
238,0
247,3
237,3
237,0
234,2
233,5
233,2
232,12
232,9
0,283
0,344
0,282
0,440
0,281
0,342
0,280
0,384
0,279
0,337
0,278
0,277
0,383
0,276
0,432
0,275
0,274
0,382
0,273
0,335
0,272
0,437
0,271
0,401
0,270
0,390
0,269
0,416
0,268
0,267
0,430
0,266
0,265
0,333
0,264
0,378
0,263
0,445
0,262
0,373
0,261
0,400
0,260
0,389
0,259
0,372
0,258
0,257
0,370
0,256
0,443
0,255
0,418
0,254
0,253
0,417
0,252
0,369
0,251
0,375
0,250
0,398
0,249
0,415
0,248
0,367
0,247
0,371
0,246
0,364
0,245
0,366
0,244
0,412
0,242
0,363
0,241
0,411
0,240
0,362
0,239
0,238
0,397
0,237
0,356
0,236
0,446
0,235
0,234
0,423
0,233
0,336
0,232
0,419
0,231
0,230
0,334
0,229
0,332
0,228
0,424
0,227
0,226
0,331
0,225
0,409
0,224
0,413
0,223
0,327
0,222
0,328
0,221
0,394
0,220
0,345
0,219
0,218
0,393
0,217
0,216
0,386
0,215
0,407
0,214
0,213
0,320
0,212
0,211
0,439
0,210
0,329
0,209
0,438
0,208
0,405
0,207
0,361
0,206
0,311
0,205
0,306
0,204
0,396
0,203
0,436
0,202
0,365
0,201
0,410
0,200
0,376
0,199
0,326
0,198
0,197
0,435
0,196
0,360
0,195
0,357
0,194
0,193
0,358
0,192
0,63
0,395
0,62
0,301
0,61
0,427
0,60
0,444
0,59
0,58
0,399
0,57
0,422
0,56
0,425
0,55
0,428
0,54
0,309
0,53
0,319
0,52
0,447
0,51
0,406
0,50
0,49
0,377
0,48
0,403
0,47
0,316
0,46
0,45
0,350
0,6
0,5
0,1
0,11
0,4
0,2
0,3
0,7
